1 1 3 4 4 2 2 5 1 1 3 4 4 2 2 5 1 
1 1 3 4 4 2 2 5 1 1 3 6 2 2 4 3 1 
1 1 3 4 4 2 2 5 1 3 4 4 3 6 2 5 1 
1 1 3 4 4 2 2 6 3 1 1 3 4 2 2 5 1 
1 1 3 4 4 2 2 6 3 1 1 5 2 2 4 3 1 
1 1 3 4 4 3 1 5 2 2 4 4 3 6 2 5 1 
1 1 3 4 4 3 1 5 2 6 3 4 4 2 2 5 1 
1 1 3 6 2 2 4 3 1 1 3 4 4 2 2 5 1 
1 1 3 6 2 2 4 3 1 1 3 6 2 2 4 3 1 
1 1 3 6 2 2 4 3 1 5 2 6 3 4 4 3 1 
1 1 3 6 2 2 4 4 3 1 1 3 4 2 2 5 1 
1 1 3 6 2 2 4 4 3 1 1 5 2 2 4 3 1 
1 1 3 6 2 5 1 3 4 2 2 6 3 4 4 3 1 
1 1 3 6 2 5 1 3 4 4 3 6 2 2 4 3 1 
1 3 4 2 2 6 3 1 1 3 4 4 3 6 2 5 1 
1 3 4 2 2 6 3 4 4 3 1 1 3 6 2 5 1 
1 3 4 4 3 1 1 5 2 2 4 4 3 6 2 5 1 
1 3 4 4 3 1 1 5 2 6 3 4 4 2 2 5 1 
1 3 4 4 3 6 2 2 4 3 1 1 3 6 2 5 1 
1 3 4 4 3 6 2 5 1 1 3 4 4 2 2 5 1 
1 3 4 4 3 6 2 5 1 3 4 4 3 6 2 5 1 
